-33 17 140 0
-34 17 140 0
-34 15 143 0
-33 15 143 0
-33 14 143 0
-34 16 141 0
-34 17 141 0
-34 15 142 0
-33 17 141 0
-33 16 141 0
-33 15 142 0
-27 16 140 4
-34 16 142 0
-33 16 142 0
-26 11 140 0
-26 10 140 0
-26 9 140 0
-26 8 140 0
-26 7 140 0
-26 16 142 4
-26 6 140 0
-26 5 140 0
-26 4 140 0
-26 3 140 0
-26 2 140 0
-26 1 140 0
-26 0 140 0
-26 16 137 4
-25 16 139 4
-33 15 67 0
-33 15 66 0
-2 28 12 0
-2 28 8 0
-3 28 8 0
-2 28 9 0
-2 28 10 0
-3 28 10 0
-4 28 10 0
-2 28 11 0
-3 28 11 0
-2 27 4 0
-2 27 5 0
-2 27 6 0
-1 27 7 0
-2 27 3 0
