1 62 7 0
65 15 3 0
66 15 3 0
67 15 3 0
4 59 7 0
5 59 7 0
6 59 7 0
2 62 7 0
3 62 7 0
4 62 7 0
64 15 3 0
2 61 7 0
3 61 7 0
5 61 7 0
4 61 7 0
5 60 7 0
4 60 7 0
3 60 7 0
6 60 7 0
-32 15 -32 0
-11 3 -31 4
38 49 5 0
33 50 5 0
21 58 5 0
14 63 5 0
17 62 5 0
16 62 5 0
15 61 5 0
19 61 5 0
18 61 5 0
17 61 5 0
16 61 5 0
20 61 5 0
21 60 5 0
20 60 5 0
18 60 5 0
19 60 5 0
19 62 5 0
18 62 5 0
13 62 5 0
14 62 5 0
13 63 5 0
16 63 5 0
12 63 5 0
15 62 5 0
37 49 5 0
24 57 5 0
23 57 5 0
39 48 5 0
25 56 5 0
23 56 5 0
24 56 5 0
15 63 5 0
26 56 5 0
22 57 5 0
36 49 5 0
39 49 5 0
20 58 5 0
35 49 5 0
34 49 5 0
22 58 5 0
23 58 5 0
32 50 5 0
34 50 5 0
35 50 5 0
36 50 5 0
37 50 5 0
38 50 5 0
39 50 5 0
20 59 5 0
21 59 5 0
22 59 5 0
19 59 5 0
32 51 5 0
33 51 5 0
34 51 5 0
-1 4 -30 0
62 15 3 0
29 51 5 0
28 54 5 0
26 53 5 0
29 53 5 0
28 53 5 0
31 52 5 0
30 52 5 0
28 52 5 0
29 52 5 0
27 53 5 0
26 54 5 0
27 54 5 0
27 55 5 0
24 55 5 0
25 55 5 0
26 55 5 0
67 16 3 0
63 15 3 0
30 51 5 0
31 51 5 0
-1 4 -29 0
-2 4 -29 0
31 50 5 0
68 16 3 0
1 26 7 0
3 26 7 0
3 25 7 0
4 25 7 0
4 24 7 0
2 25 7 0
-2 4 -28 0
1 26 6 0
2 26 6 0
2 25 6 0
57 14 6 0
53 14 6 0
54 14 6 0
55 14 6 0
55 13 6 0
56 13 6 0
56 14 6 0
58 14 6 0
58 13 6 0
59 13 6 0
-257 11 -31 0
-257 12 -31 0
-257 11 -32 0
1 25 9 0
2 25 9 0
2 24 9 0
3 24 9 0
-257 12 -29 0
-257 11 -29 0
2 68 2 0
2 67 2 0
2 25 8 0
1 25 8 0
1 26 8 0
3 25 8 0
0 25 8 0
4 25 8 0
-257 11 -30 0
2 68 3 0
2 26 8 0
2 66 3 0
3 26 8 0
-257 12 -30 0
2 67 3 0
-257 14 -27 0
2 67 4 0
2 66 4 0
2 65 4 0
2 64 4 0
2 65 5 0
13 65 5 0
-259 14 -28 0
-260 14 -28 0
11 65 5 0
-258 14 -28 0
-257 14 -28 0
11 66 5 0
12 66 5 0
-257 12 -28 0
2 66 5 0
9 65 5 0
10 65 5 0
12 65 5 0
-261 15 -28 0
-259 15 -28 0
-260 15 -28 0
14 64 5 0
13 64 5 0
12 64 5 0
11 64 5 0
2 64 5 0
-261 16 -28 0
-260 16 -28 0
-261 17 -28 0
-262 17 -28 0
-262 16 -28 0
-263 17 -28 0
-37 5 -17 0
2 65 6 0
-257 14 -26 0
-166 8 -12 0
-38 5 -15 0
-161 8 -11 0
-164 8 -11 0
-36 4 -16 0
-167 7 -9 0
-166 7 -9 0
-165 7 -9 0
-161 8 -10 0
-41 5 -14 0
-40 5 -14 0
-39 5 -14 0
-167 8 -14 0
-164 8 -14 0
-162 8 -14 0
-161 8 -14 0
-167 8 -8 0
-165 8 -8 0
-161 8 -8 0
-35 9 -1 0
-7 66 -50 4
-8 66 -49 4
-89 14 -45 0
17 4 49 0
16 4 49 0
-8 66 -39 0
16 4 50 0
-8 68 -38 0
-8 69 -38 0
-8 67 -38 0
-8 70 -38 0
-8 71 -38 0
16 4 51 0
-8 69 -37 0
16 4 52 0
15 5 52 0
-8 69 -36 0
-89 15 -42 0
-89 16 -43 0
11 4 53 0
12 5 53 0
12 4 53 0
13 4 53 0
14 4 53 0
-257 11 -33 0
12 5 54 0
-258 11 -33 0
14 4 54 0
-89 17 -42 0
-89 16 -42 0
-89 15 -43 0
-89 14 -43 0
13 4 54 0
11 4 54 0
12 4 54 0
-89 17 -41 0
-89 16 -41 0
-89 15 -44 0
-89 14 -44 0
-89 17 -40 0
-140 17 -223 0
-288 8 -365 0
-288 8 -366 0
6 5 -45 0
6 4 -45 0
14 5 -45 0
13 5 -45 0
6 4 -46 0
13 5 -47 0
-2 20 40 0
38 14 -2 4
-32 8 22 0
-32 8 23 0
-32 8 20 0
-32 9 20 0
-32 8 21 0
-32 9 21 0
-32 9 18 0
-32 9 19 0
-32 9 16 0
-32 8 16 0
-32 10 16 0
-32 8 17 0
-32 9 17 0
-32 10 17 0
21 4 -16 0
1 3 -16 4
-8 17 13 0
-7 17 13 0
-6 65 7 0
-7 65 7 0
-6 66 7 0
-7 66 7 0
-5 17 13 0
-32 10 14 0
-5 66 7 0
-4 67 7 0
-6 67 7 0
-5 67 7 0
20 4 -17 0
21 4 -17 0
-6 17 13 0
-8 65 7 0
-4 17 13 0
-32 9 14 0
-6 16 13 0
-6 64 7 0
-7 16 13 0
-7 64 7 0
-8 16 13 0
-9 16 13 0
-10 16 13 0
-24 16 12 0
-25 16 12 0
-26 16 12 0
-27 16 12 0
-32 9 15 0
-32 10 15 0
-29 14 12 0
-36 6 12 0
-22 5 13 0
-23 5 13 0
-24 5 13 0
-29 5 13 0
-31 6 13 0
-20 6 13 0
-32 6 13 0
-22 6 13 0
-23 6 13 0
-21 6 13 0
-21 5 13 0
-24 6 13 0
-28 14 12 0
-27 14 12 0
-25 6 13 0
-26 14 12 0
-28 13 12 0
-25 4 13 0
-26 4 13 0
-27 4 13 0
-28 4 13 0
-28 12 12 0
-29 4 13 0
-29 12 12 0
-30 4 13 0
-30 12 12 0
-31 4 13 0
-31 12 12 0
-32 4 13 0
-28 5 13 0
-27 13 12 0
-26 5 13 0
-25 5 13 0
-31 5 13 0
-32 5 13 0
-30 5 13 0
-30 13 12 0
-29 13 12 0
-35 6 12 0
-20 7 13 0
-19 7 13 0
-21 7 13 0
-28 15 12 0
-26 15 12 0
-25 15 12 0
-35 7 12 0
-36 8 13 0
-32 9 12 0
-31 9 12 0
-32 10 12 0
-31 10 12 0
-30 10 12 0
-28 3 13 0
-26 3 13 0
-27 3 13 0
-32 11 12 0
-31 11 12 0
-30 11 12 0
-29 11 12 0
-27 15 12 0
-19 8 13 0
-8 15 13 0
-36 7 13 0
-17 9 13 0
-16 9 13 0
-15 9 13 0
-33 9 12 0
-18 10 13 0
-17 10 13 0
-32 10 13 0
-16 10 13 0
-15 10 13 0
-14 10 13 0
-33 10 12 0
-15 11 13 0
-13 11 13 0
-14 11 13 0
-34 9 12 0
-18 9 13 0
-19 9 13 0
-20 9 13 0
-32 9 13 0
-35 8 12 0
-34 8 12 0
-18 8 13 0
-17 8 13 0
-35 7 13 0
-34 7 13 0
-21 8 13 0
-20 8 13 0
-33 7 13 0
-10 15 13 0
-11 15 13 0
-7 15 13 0
-9 15 13 0
-33 6 13 0
-34 6 13 0
-35 6 13 0
-36 6 13 0
-9 14 13 0
-10 14 13 0
-11 14 13 0
-33 5 13 0
-34 5 13 0
-35 5 13 0
-13 13 13 0
-14 13 13 0
-10 13 13 0
-11 13 13 0
-12 13 13 0
-33 4 13 0
-34 4 13 0
-11 12 13 0
-12 12 13 0
-13 12 13 0
-14 12 13 0
-35 8 11 0
-35 9 11 0
-35 7 11 0
-35 8 10 0
-35 9 10 0
-35 10 10 0
-35 9 9 0
-35 10 9 0
-35 9 8 0
-35 10 8 0
-35 11 8 0
-3 25 4 0
-2 25 4 0
-35 11 7 0
-35 10 7 0
-35 9 7 0
-35 11 6 0
-35 10 6 0
-35 9 6 0
-35 10 5 0
-35 9 5 0
-35 10 4 0
-35 9 4 0
-35 10 3 0
-35 11 3 0
-35 9 3 0
-35 9 2 0
-35 10 2 0
-2 25 2 0
-35 9 1 0
-35 10 1 0
-2 25 3 0
-35 9 0 0
